0.16199931670851997 0.012998051795682475 4.8410391484367805		-0.16199931670852008 -0.012998051795683807 23.637975989001195		1.0880185641326534e-14 7.638334409421077e-14 -28.479015137438047
-0.19686900890284376 0.2725113332335196 10.97191870825177		0.19686900890284398 -0.2725113332335194 4.406632070676703		2.3092638912203256e-14 -2.1316282072803006e-14 -15.378550778928474
-0.325467834003752 0.014800492285370836 9.306879518201853		0.3254678340037529 -0.014800492285372613 19.120247318550064		1.2434497875801753e-14 -4.884981308350689e-15 -28.427126836751903
-0.23222869248039224 -0.17124560078690365 24.473936639354015		0.23222869248039046 0.17124560078690476 15.035771276513831		0.0 -3.552713678800501e-15 -39.50970791586785
-0.1905525099370884 -0.35839528972864265 18.59060351757264		0.1905525099370884 0.35839528972864343 6.096426638659178		-5.329070518200751e-15 8.881784197001252e-16 -24.68703015623184
-0.4440274990366708 0.0853840230948335 17.034422246338703		0.4440274990366735 -0.0853840230948324 10.357843610915502		6.039613253960852e-14 -4.04121180963557e-14 -27.392265857254102
-0.16210309150055213 -0.1437602998181502 22.540398042256626		0.1621030915005509 0.1437602998181493 3.166327500492673		3.552713678800501e-15 8.881784197001252e-16 -25.70672554274931
0.2098265736492042 -0.212765721112385 6.095904593315749		-0.2098265736492042 0.212765721112385 13.286654065378283		4.440892098500626e-15 -3.1086244689504383e-15 -19.382558658694037
-0.29006341476206243 0.36283100184466566 11.35652949800021		0.29006341476206643 -0.3628310018446612 26.235089886125415		-1.2434497875801753e-14 7.105427357601002e-15 -37.59161938412565
0.19846690521461707 0.13759065173693408 5.556119784136129		-0.19846690521461952 -0.1375906517369394 21.170394994741592		-8.881784197001252e-16 1.4210854715202004e-14 -26.72651477887773
