-1.0269562977782698e-14 -7.682743330406083e-14 -4.8437663821309584		-0.8837304887187889 0.36342146357892346 -23.619213933737953		0.8837304887187898 -0.3634214635789217 28.462980315868975
2.7977620220553945e-14 -1.4210854715202004e-14 -10.977067913331513		0.45651624322479556 -0.11584079826877791 -4.394268980029774		-0.45651624322479556 0.11584079826877947 15.371336893361292
-1.6431300764452317e-14 4.440892098500626e-15 -9.312580455054773		-0.8118844024589942 0.5744052293574786 -19.09714398117149		0.8118844024589933 -0.5744052293574784 28.40972443622625
8.881784197001252e-16 -2.6645352591003757e-15 -24.47563747583533		-0.458046248101978 -0.08449472436002448 -15.031324870988367		0.4580462481019776 0.08449472436002559 39.506962346823705
-1.7763568394002505e-15 1.7763568394002505e-15 -18.595034191695564		-0.5227357195686464 0.1309279466231852 -6.086113738961534		0.5227357195686491 -0.1309279466231832 24.681147930657126
-3.019806626980426e-14 -6.88338275267597e-14 -17.04042229869493		-0.5200054724174294 -0.5078371718483901 -10.34219854939116		0.5200054724174255 0.5078371718483892 27.382620848085995
0.0 -4.440892098500626e-15 -22.541439358200805		-0.20718400874134701 -0.13464330638476174 -3.164098646221648		0.20718400874134701 0.13464330638476252 25.70553800442246
-3.9968028886505635e-15 -4.773959005888173e-15 -6.103224496436118		0.38055404644431867 0.8693621362298143 -13.256087687924667		-0.3805540464443178 -0.8693621362298141 19.35931218436079
-1.3322676295501878e-14 -8.881784197001252e-16 -11.36602592639274		1.532983795895837 0.10169790650640209 -26.1941852835872		-1.5329837958958379 -0.10169790650640564 37.56021120997997
-7.549516567451064e-15 4.440892098500626e-16 -5.5613656016827155		0.29613490653663455 1.122151159811752 -21.139939106462776		-0.29613490653663366 -1.122151159811752 26.7013047081455
