-1.495828835410716 -3.307484068377966 -3.207041938803072		-8.069712095719442 -15.600599954182318 -15.820282846596871		9.56554093113016 18.90808402256028 19.027324785400044
-10.973067977106394 -0.1714746531237603 -0.24165178880061666		-4.401350721227261 -0.1631290472994733 0.3645912538761424		15.374418698333656 0.33460370042323273 -0.12293946507549425
-6.7459465883027345 0.7492628900706324 6.376124566003847		-13.159843976278815 1.8006298361145678 13.757406899607053		19.90579056458155 -2.5498927261852002 -20.133531465610876
1.7112238118316379 -20.76676165288542 -12.84017731055856		0.6900244863861533 -12.620814542122947 -8.148409636399231		-2.4012482982177907 33.38757619500837 20.988586946957795
0.5403641153188401 2.420210938288954 -18.428941429919117		-0.36179424954035655 0.7952318393063895 -6.047138699091427		-0.17856986577848133 -3.215442777595344 24.476080129010573
-6.75509937791794 7.948019342434887 13.474925344676052		-3.557474789501049 4.5780443541374645 8.595071735192105		10.31257416741899 -12.52606369657235 -22.06999707986803
-4.985976907283059 -4.935129039699447 -21.42197525862167		-0.9321979786481558 -0.7448208814834971 -2.9408881412873296		5.918174885931215 5.679949921182944 24.36286339990901
-2.093208948103741 5.459698168704981 -1.7491487815837212		-4.270358562450836 11.67903642500428 -4.689202344498395		6.363567510554578 -17.138734593709263 6.438351126082123
-5.2594203575494 -1.0542630746587642 -10.020657275420506		-10.810563203214652 -2.0844059068474117 -23.81769719553853		16.06998356076405 3.138668981506175 33.83835447095906
-4.088452349612306 2.160975711579435 -3.0892602212330895		-14.905701199447302 9.170114191867063 -11.915243262065788		18.99415354905961 -11.331089903446497 15.004503483298889
